1422404645 962
1422404850 962
1423937200 1002
1425398299 2064
1427819829 2255
1428455786 214
1429055868 348
1429629113 352
1430076120 470
1430076818 487
1430268472 727
1430268555 708
1441659108 739
1441769128 765
1441803382 766
1441868749 747
1442806809 738
1442806858 738
1442806919 738
1442853679 766
1442936875 768
1444690415 885
1444753026 883
1444868617 918
1445187993 937
1445188282 937
1445373655 957
1446152574 1183
1447295157 1204
1447798904 1257
1447820144 1263
1448421897 1356
1448422936 1357
1448995535 1409
1454699554 2083
1454704101 1428
